["opt1","LEFT"]
["opt2","RIGHT"]
["opt3","RIGHT"]
("opt1","mode 1",1,"opt1",1,"transmission",7.51415e-13)
(103, 3)
2.1645664837545125e+14 1.7452774183861187e-02 -2.1643767841370485e+00
2.1671955118724328e+14 1.7423904421481184e-02 -2.7262394955305118e+00
2.1698245399903534e+14 1.1409937936519583e-02 -3.2391583252978196e+00
2.1724535681082738e+14 2.6493872703675834e-03 -2.8437442458125286e+00
2.1750825962261944e+14 1.0401649544768169e-02 -1.7524583992705409e+00
2.1777116243441147e+14 1.8685115383778889e-02 -2.2354358511352270e+00
2.1803406524620353e+14 2.2006178123245436e-02 -2.7887991726985843e+00
2.1829696805799556e+14 1.9589576269198061e-02 -3.3348466450116447e+00
2.1855987086978763e+14 1.2690252879786883e-02 -3.8058529511940589e+00
2.1882277368157966e+14 4.8251247521567979e-03 -3.7681253146537719e+00
2.1908567649337172e+14 6.6187944601616673e-03 -2.7554492326393807e+00
2.1934857930516375e+14 1.0920227702258957e-02 -3.0435229566072768e+00
2.1961148211695581e+14 1.1214331281891091e-02 -3.5237834046639813e+00
2.1987438492874784e+14 7.7392202872554206e-03 -3.9806433007222792e+00
2.2013728774053991e+14 2.7836087666557154e-03 -3.9545345159492502e+00
2.2040019055233194e+14 4.1539994236928762e-03 -2.7888987104957841e+00
2.2066309336412400e+14 6.9631232642646777e-03 -3.1136402093535742e+00
2.2092599617591603e+14 6.7604223750089105e-03 -3.6180418579611229e+00
2.2118889898770809e+14 3.7607045872569121e-03 -4.0952980443880609e+00
2.2145180179950013e+14 1.0551040520678820e-03 -2.4857621395158800e+00
2.2171470461129219e+14 4.8718734810559135e-03 -2.4745454246220429e+00
2.2197760742308422e+14 6.9756664910458266e-03 -3.0280311493708520e+00
2.2224051023487628e+14 6.5339415391258097e-03 -3.6319743774875057e+00
2.2250341304666831e+14 3.9588198595418627e-03 -4.2770449116191056e+00
2.2276631585846038e+14 5.3022346968218076e-04 -5.4426962185639081e+00
2.2302921867025241e+14 2.6080219848031872e-03 -8.4972248242496740e+00
2.2329212148204444e+14 4.0993534297782226e-03 -9.2192327542097185e+00
2.2355502429383650e+14 3.8358973161463994e-03 -9.9652610018212169e+00
2.2381792710562853e+14 2.4363050967903268e-03 -1.0874014962471310e+01
2.2408082991742059e+14 1.2239958626176801e-03 -1.2354709462545932e+01
2.2434373272921263e+14 1.1423654872495571e-03 -1.4127492997970716e+01
2.2460663554100469e+14 1.0218442412924930e-03 -1.5834913807641328e+01
2.2486953835279672e+14 1.9261248119012374e-03 -1.7612485796169683e+01
2.2513244116458878e+14 3.4760103259137212e-03 -1.8593651712521588e+01
2.2539534397638081e+14 4.1477714086319605e-03 -1.9344779681497833e+01
2.2565824678817288e+14 3.0994263227373149e-03 -2.0073543008852035e+01
2.2592114959996491e+14 7.8353597416031863e-04 -2.1866758311749344e+01
2.2618405241175697e+14 3.9616421087998272e-03 -2.3928014986081692e+01
2.2644695522354900e+14 7.7181590882832119e-03 -2.4545956829051324e+01
2.2670985803534106e+14 1.0044240290020209e-02 -2.5041912012417349e+01
2.2697276084713309e+14 1.0227417987824059e-02 -2.5439590815227682e+01
2.2723566365892516e+14 8.5984501518846408e-03 -2.5675319126842620e+01
2.2749856647071719e+14 6.8421518839744027e-03 -2.5616095259589656e+01
2.2776146928250925e+14 7.1917106739856846e-03 -2.5374632353606170e+01
2.2802437209430128e+14 8.9704280416752526e-03 -2.5325058218522930e+01
2.2828727490609334e+14 1.0375000380595885e-02 -2.5403552701435039e+01
2.2855017771788538e+14 1.1066366527560930e-02 -2.5488709166025114e+01
2.2881308052967744e+14 1.1440270166876503e-02 -2.5552002293508540e+01
2.2907598334146947e+14 1.1649279690012245e-02 -2.5613495803684113e+01
2.2933888615326153e+14 1.1427061149896767e-02 -2.5676801079412265e+01
2.2957882878615706e+14 1.0726593354034614e-02 -2.5708202009252108e+01
2.2960178896505356e+14 1.0641048653053748e-02 -2.5708502915829357e+01
2.2962474914395006e+14 1.0553592473676708e-02 -2.5708202009252027e+01
2.2986469177684563e+14 9.6307560903235740e-03 -2.5663135701961473e+01
2.3012759458863766e+14 9.0525150646240376e-03 -2.5518743985732367e+01
2.3039049740042969e+14 9.6285346296550237e-03 -2.5322017481648526e+01
2.3065340021222175e+14 1.1744819527504816e-02 -2.5198754579105302e+01
2.3091630302401378e+14 1.4792971601438519e-02 -2.5227913292546116e+01
2.3117920583580584e+14 1.7318360985176046e-02 -2.5382080408524143e+01
2.3144210864759788e+14 1.7831635754889563e-02 -2.5596501779837354e+01
2.3170501145938994e+14 1.5648537562491956e-02 -2.5790928491238692e+01
2.3196791427118197e+14 1.1774191233797195e-02 -2.5822173061085586e+01
2.3223081708297403e+14 9.9114898513559986e-03 -2.5526121317010343e+01
2.3249371989476606e+14 1.2333759513971277e-02 -2.5329758548717066e+01
2.3275662270655813e+14 1.4724449796458091e-02 -2.5449529290008329e+01
2.3301952551835016e+14 1.3967811598481931e-02 -2.5667459711561186e+01
2.3328242833014222e+14 1.0038442081585377e-02 -2.5772256268664101e+01
2.3354533114193425e+14 6.8030000805807955e-03 -2.5325698462757671e+01
2.3380823395372631e+14 1.0075720680877125e-02 -2.4862807909268469e+01
2.3407113676551834e+14 1.4364546645509622e-02 -2.4949329938045132e+01
2.3433403957731041e+14 1.5875636859169259e-02 -2.5145027776036759e+01
2.3459694238910244e+14 1.4807441982957010e-02 -2.5265225114122636e+01
2.3485984520089450e+14 1.3643924307413549e-02 -2.5232941725751637e+01
2.3512274801268653e+14 1.4317235630467003e-02 -2.5183128500979425e+01
2.3538565082447859e+14 1.5131839295109717e-02 -2.5262657661603274e+01
2.3564855363627063e+14 1.3876898743036752e-02 -2.5388402506053669e+01
2.3591145644806269e+14 1.1032261019671474e-02 -2.5366615203865774e+01
2.3617435925985472e+14 1.0304403168479352e-02 -2.5084197608452506e+01
2.3643726207164675e+14 1.3005480078606028e-02 -2.4976829565524206e+01
2.3670016488343881e+14 1.4992127341721770e-02 -2.5134950729770612e+01
2.3696306769523088e+14 1.3857314378100971e-02 -2.5352605305954668e+01
2.3722597050702291e+14 1.0312852800918600e-02 -2.5422042043264810e+01
2.3748887331881494e+14 8.3814156294509563e-03 -2.5112170197270736e+01
2.3775177613060700e+14 1.0601690336155899e-02 -2.4920422856038137e+01
2.3801467894239903e+14 1.2416920889982757e-02 -2.5074983479770776e+01
2.3827758175419109e+14 1.1246003452677907e-02 -2.5297583088810331e+01
2.3854048456598313e+14 8.1117072332679823e-03 -2.5320115629624709e+01
2.3880338737777519e+14 7.4050991343746365e-03 -2.4960677054968961e+01
2.3906629018956722e+14 9.9675065005668684e-03 -2.4924269559664516e+01
2.3932919300135928e+14 1.1016867338200214e-02 -2.5230440830847051e+01
2.3959209581315131e+14 8.6391110049465758e-03 -2.5637870465842663e+01
2.3985499862494338e+14 3.5162831579291973e-03 -2.5892714308185138e+01
2.4011790143673541e+14 3.4246381504811577e-03 -2.4178295101288210e+01
2.4038080424852747e+14 8.1774420521436367e-03 -2.4507473315623677e+01
2.4064370706031950e+14 1.0063558604988842e-02 -2.5106142435695919e+01
2.4090660987211156e+14 8.6176040202284362e-03 -2.5841584927673821e+01
2.4116951268390359e+14 5.3500575288338032e-03 -2.6909889308971934e+01
2.4143241549569566e+14 4.7194180807111248e-03 -2.8627816217821838e+01
2.4169531830748769e+14 7.1488689054498263e-03 -2.9850860605521380e+01
2.4195822111927975e+14 8.1642489883730698e-03 -3.0738726230393482e+01
2.4222112393107178e+14 6.8712595544629966e-03 -3.1603534515962995e+01
2.4248402674286384e+14 4.1819454026030770e-03 -3.2635749050731910e+01
2.4274692955465588e+14 2.2044121063881971e-03 -3.4345113876196663e+01
("opt1","mode 1",1,"opt2",1,"transmission",4.0282706549651133e-13)
(103, 3)
2.1645664837545125e+14 7.0345571381127325e-01 -1.1818548160811726e+00
2.1671955118724328e+14 7.0358092925912352e-01 -1.2038013576216580e+00
2.1698245399903534e+14 7.0373308945458268e-01 -1.2252038047489708e+00
2.1724535681082738e+14 7.0388311405847315e-01 -1.2460517375099138e+00
2.1750825962261944e+14 7.0401054187115475e-01 -1.2663829453646582e+00
2.1777116243441147e+14 7.0412456509635679e-01 -1.2862461158917746e+00
2.1803406524620353e+14 7.0425276278649296e-01 -1.3056611628380561e+00
2.1829696805799556e+14 7.0441575980421811e-01 -1.3246106973822991e+00
2.1855987086978763e+14 7.0460895844618243e-01 -1.3430608941711617e+00
2.1882277368157966e+14 7.0480357628645951e-01 -1.3609956773073544e+00
2.1908567649337172e+14 7.0496991043991342e-01 -1.3784365592192145e+00
2.1934857930516375e+14 7.0510340708544272e-01 -1.3954222640627332e+00
2.1961148211695581e+14 7.0522257720679038e-01 -1.4119658225623002e+00
2.1987438492874784e+14 7.0533998399295983e-01 -1.4280430352898827e+00
2.2013728774053991e+14 7.0544531445471448e-01 -1.4436275282898543e+00
2.2040019055233194e+14 7.0552184644394744e-01 -1.4587231544159418e+00
2.2066309336412400e+14 7.0557003428091081e-01 -1.4733536083664007e+00
2.2092599617591603e+14 7.0560773684886446e-01 -1.4875320189689081e+00
2.2118889898770809e+14 7.0565334159035609e-01 -1.5012502607114651e+00
2.2145180179950013e+14 7.0571348109365728e-01 -1.5144902744265087e+00
2.2171470461129219e+14 7.0578125912567935e-01 -1.5272398166219183e+00
2.2197760742308422e+14 7.0584251275656607e-01 -1.5395047236544546e+00
2.2224051023487628e+14 7.0588877906787351e-01 -1.5513094016953399e+00
2.2250341304666831e+14 7.0592561160890810e-01 -1.5626776989585811e+00
2.2276631585846038e+14 7.0596272583727981e-01 -1.5736128823132269e+00
2.2302921867025241e+14 7.0599758424207792e-01 -1.5841058608781080e+00
2.2329212148204444e+14 7.0601803245956685e-01 -1.5941603880963078e+00
2.2355502429383650e+14 7.0602074283996352e-01 -1.6037946512024883e+00
2.2381792710562853e+14 7.0601583819161751e-01 -1.6130164855741940e+00
2.2408082991742059e+14 7.0601083852078517e-01 -1.6218126710523377e+00
2.2434373272921263e+14 7.0599979682252123e-01 -1.6301679068025365e+00
2.2460663554100469e+14 7.0597172478280401e-01 -1.6380829351160200e+00
2.2486953835279672e+14 7.0592238002067220e-01 -1.6455702346159535e+00
2.2513244116458878e+14 7.0585554098778858e-01 -1.6526415894613018e+00
2.2539534397638081e+14 7.0577891456370534e-01 -1.6593020259154960e+00
2.2565824678817288e+14 7.0569943334248553e-01 -1.6655473575414019e+00
2.2592114959996491e+14 7.0561658625643942e-01 -1.6713675582350629e+00
2.2618405241175697e+14 7.0552103981919323e-01 -1.6767607959890962e+00
2.2644695522354900e+14 7.0540591889857485e-01 -1.6817421390192850e+00
2.2670985803534106e+14 7.0527774905739204e-01 -1.6863294133659621e+00
2.2697276084713309e+14 7.0514999179459426e-01 -1.6905233115409992e+00
2.2723566365892516e+14 7.0502831749885209e-01 -1.6943102962221512e+00
2.2749856647071719e+14 7.0490852272430859e-01 -1.6976806478425275e+00
2.2776146928250925e+14 7.0478494923732826e-01 -1.7006342001493340e+00
2.2802437209430128e+14 7.0465323591516960e-01 -1.7031745945866690e+00
2.2828727490609334e+14 7.0450874469214753e-01 -1.7053102219634524e+00
2.2855017771788538e+14 7.0435130708493365e-01 -1.7070565078838238e+00
2.2881308052967744e+14 7.0418952094212584e-01 -1.7084249249831920e+00
2.2907598334146947e+14 7.0403289231173205e-01 -1.7094115900671258e+00
2.2933888615326153e+14 7.0388144110900652e-01 -1.7100051787748629e+00
2.2957882878615706e+14 7.0374179430197603e-01 -1.7102006413503701e+00
2.2960178896505356e+14 7.0372817302470614e-01 -1.7102021354164065e+00
2.2962474914395006e+14 7.0371449556453614e-01 -1.7102006413503110e+00
2.2986469177684563e+14 7.0356782017864883e-01 -1.7100072715606613e+00
2.3012759458863766e+14 7.0339804232873759e-01 -1.7094268922864797e+00
2.3039049740042969e+14 7.0321797166036359e-01 -1.7084702248248778e+00
2.3065340021222175e+14 7.0303272119531701e-01 -1.7071498496404451e+00
2.3091630302401378e+14 7.0285456391217449e-01 -1.7054705037486868e+00
2.3117920583580584e+14 7.0269290783703053e-01 -1.7034234112398539e+00
2.3144210864759788e+14 7.0254704536072998e-01 -1.7009997446827885e+00
2.3170501145938994e+14 7.0241327686581678e-01 -1.6982027795422934e+00
2.3196791427118197e+14 7.0229281382583753e-01 -1.6950403754666317e+00
2.3223081708297403e+14 7.0218734471965027e-01 -1.6915157038617195e+00
2.3249371989476606e+14 7.0209427580238970e-01 -1.6876341747968266e+00
2.3275662270655813e+14 7.0201348700243571e-01 -1.6834091906291511e+00
2.3301952551835016e+14 7.0195245152569496e-01 -1.6788500947040543e+00
2.3328242833014222e+14 7.0191712578644883e-01 -1.6739522187363498e+00
2.3354533114193425e+14 7.0190249383173065e-01 -1.6687092859403683e+00
2.3380823395372631e+14 7.0189873515857393e-01 -1.6631303524216083e+00
2.3407113676551834e+14 7.0190342882535084e-01 -1.6572370286475493e+00
2.3433403957731041e+14 7.0192362010507592e-01 -1.6510490803194744e+00
2.3459694238910244e+14 7.0196995986633048e-01 -1.6445770380488618e+00
2.3485984520089450e+14 7.0205114556801751e-01 -1.6378214722815498e+00
2.3512274801268653e+14 7.0216799404470032e-01 -1.6307754724160559e+00
2.3538565082447859e+14 7.0230986326275580e-01 -1.6234359410816277e+00
2.3564855363627063e+14 7.0246246163341175e-01 -1.6158156399972552e+00
2.3591145644806269e+14 7.0262090772700903e-01 -1.6079353569367807e+00
2.3617435925985472e+14 7.0278867600414319e-01 -1.5998024696428681e+00
2.3643726207164675e+14 7.0296331919970834e-01 -1.5914080534956689e+00
2.3670016488343881e+14 7.0313266258326079e-01 -1.5827467496415026e+00
2.3696306769523088e+14 7.0328793881781582e-01 -1.5738260302506482e+00
2.3722597050702291e+14 7.0343184578088525e-01 -1.5646511961569618e+00
2.3748887331881494e+14 7.0356960570767824e-01 -1.5552137306542346e+00
2.3775177613060700e+14 7.0369932797458423e-01 -1.5455016250448184e+00
2.3801467894239903e+14 7.0381521767716693e-01 -1.5355135837348517e+00
2.3827758175419109e+14 7.0391522889607072e-01 -1.5252592690771487e+00
2.3854048456598313e+14 7.0400362736928590e-01 -1.5147518775662570e+00
2.3880338737777519e+14 7.0409003497276768e-01 -1.5040001830339074e+00
2.3906629018956722e+14 7.0418404233880771e-01 -1.4929997854295345e+00
2.3932919300135928e+14 7.0428385497439350e-01 -1.4817346625214527e+00
2.3959209581315131e+14 7.0437266203814686e-01 -1.4701975541532002e+00
2.3985499862494338e+14 7.0443513161329663e-01 -1.4584044253268988e+00
2.4011790143673541e+14 7.0447529667681519e-01 -1.4463744162180359e+00
2.4038080424852747e+14 7.0450755047855096e-01 -1.4340988235237953e+00
2.4064370706031950e+14 7.0453199441922043e-01 -1.4215483455245841e+00
2.4090660987211156e+14 7.0453302452800981e-01 -1.4087126209787213e+00
2.4116951268390359e+14 7.0450567151960319e-01 -1.3956141890928366e+00
2.4143241549569566e+14 7.0447075356254563e-01 -1.3822768914149637e+00
2.4169531830748769e+14 7.0445653181922385e-01 -1.3686962414076846e+00
2.4195822111927975e+14 7.0447239848408805e-01 -1.3548523670657839e+00
2.4222112393107178e+14 7.0450677973360631e-01 -1.3407445026386262e+00
2.4248402674286384e+14 7.0454638081070498e-01 -1.3264030750625861e+00
2.4274692955465588e+14 7.0459139351627187e-01 -1.3118689058541948e+00
("opt1","mode 1",1,"opt3",1,"transmission",4.0282460924399601e-13)
(103, 3)
2.1645664837545125e+14 7.0336109796129731e-01 -1.1790731501047937e+00
2.1671955118724328e+14 7.0348150521945751e-01 -1.2010059116955913e+00
2.1698245399903534e+14 7.0362743917004400e-01 -1.2223965512574853e+00
2.1724535681082738e+14 7.0377186266728498e-01 -1.2432353618412331e+00
2.1750825962261944e+14 7.0389575277588345e-01 -1.2635584841728595e+00
2.1777116243441147e+14 7.0400827953677603e-01 -1.2834123586700272e+00
2.1803406524620353e+14 7.0413593809067709e-01 -1.3028156189357527e+00
2.1829696805799556e+14 7.0429802563221766e-01 -1.3217510774097840e+00
2.1855987086978763e+14 7.0448911902341960e-01 -1.3401863309282744e+00
2.1882277368157966e+14 7.0468056958536340e-01 -1.3581070356279334e+00
2.1908567649337172e+14 7.0484355287397316e-01 -1.3755356168034503e+00
2.1934857930516375e+14 7.0497439519283267e-01 -1.3925105599928935e+00
2.1961148211695581e+14 7.0509204175510687e-01 -1.4090441134370923e+00
2.1987438492874784e+14 7.0520915194345013e-01 -1.4251112507465697e+00
2.2013728774053991e+14 7.0531522196674057e-01 -1.4406847599709118e+00
2.2040019055233194e+14 7.0539292421224398e-01 -1.4557679951844080e+00
2.2066309336412400e+14 7.0544203363626001e-01 -1.4703851061982387e+00
2.2092599617591603e+14 7.0548037549157772e-01 -1.4845503181148889e+00
2.2118889898770809e+14 7.0552699589392742e-01 -1.4982560131929656e+00
2.2145180179950013e+14 7.0558904363146480e-01 -1.5114835644332765e+00
2.2171470461129219e+14 7.0565942078687771e-01 -1.5242199972422723e+00
2.2197760742308422e+14 7.0572340537569422e-01 -1.5364712055832204e+00
2.2224051023487628e+14 7.0577224187502252e-01 -1.5482623496360508e+00
2.2250341304666831e+14 7.0581165207288932e-01 -1.5596181068186048e+00
2.2276631585846038e+14 7.0585185915355386e-01 -1.5705421699267961e+00
2.2302921867025241e+14 7.0589088325713789e-01 -1.5810251499243748e+00
2.2329212148204444e+14 7.0591668338876712e-01 -1.5910698915775403e+00
2.2355502429383650e+14 7.0592537631319008e-01 -1.6006939289835824e+00
2.2381792710562853e+14 7.0592641765658515e-01 -1.6099054396866974e+00
2.2408082991742059e+14 7.0592727412230627e-01 -1.6186920214279559e+00
2.2434373272921263e+14 7.0592242614103085e-01 -1.6270385654788824e+00
2.2460663554100469e+14 7.0590107615801601e-01 -1.6349452923501033e+00
2.2486953835279672e+14 7.0585874410853533e-01 -1.6424242599288088e+00
2.2513244116458878e+14 7.0579893446997799e-01 -1.6494872396730711e+00
2.2539534397638081e+14 7.0572917240875155e-01 -1.6561393154243720e+00
2.2565824678817288e+14 7.0565611852552634e-01 -1.6623764674345418e+00
2.2592114959996491e+14 7.0557906934179393e-01 -1.6681892911850773e+00
2.2618405241175697e+14 7.0548896743773681e-01 -1.6735767220803288e+00
2.2644695522354900e+14 7.0537955759160276e-01 -1.6785540006684359e+00
2.2670985803534106e+14 7.0525780419820894e-01 -1.6831384417687121e+00
2.2697276084713309e+14 7.0513722445149507e-01 -1.6873300562719142e+00
2.2723566365892516e+14 7.0502328057233576e-01 -1.6911147207980217e+00
2.2749856647071719e+14 7.0491129316793122e-01 -1.6944823298392699e+00
2.2776146928250925e+14 7.0479495642684142e-01 -1.6974329504176402e+00
2.2802437209430128e+14 7.0466962751493878e-01 -1.6999711960742421e+00
2.2828727490609334e+14 7.0453112957148578e-01 -1.7021063182979523e+00
2.2855017771788538e+14 7.0438004188596737e-01 -1.7038535929931022e+00
2.2881308052967744e+14 7.0422526652098083e-01 -1.7052235886080780e+00
2.2907598334146947e+14 7.0407607847841513e-01 -1.7062116348548129e+00
2.2933888615326153e+14 7.0393207067407582e-01 -1.7068060361523696e+00
2.2957882878615706e+14 7.0379878489485248e-01 -1.7070016978738993e+00
2.2960178896505356e+14 7.0378573370210551e-01 -1.7070031926119436e+00
2.2962474914395006e+14 7.0377261805857094e-01 -1.7070016978739047e+00
2.2986469177684563e+14 7.0363126215426852e-01 -1.7068084125995338e+00
2.3012759458863766e+14 7.0346617632024055e-01 -1.7062290715328683e+00
2.3039049740042969e+14 7.0329014572648207e-01 -1.7052752712728976e+00
2.3065340021222175e+14 7.0310907046734572e-01 -1.7039595001796732e+00
2.3091630302401378e+14 7.0293562872424864e-01 -1.7022856469777929e+00
2.3117920583580584e+14 7.0277913598954811e-01 -1.7002440219394277e+00
2.3144210864759788e+14 7.0263847955635950e-01 -1.6978251056585532e+00
2.3170501145938994e+14 7.0250929091507130e-01 -1.6950318419486947e+00
2.3196791427118197e+14 7.0239203327928723e-01 -1.6918724974070793e+00
2.3223081708297403e+14 7.0228810186541368e-01 -1.6883513727019113e+00
2.3249371989476606e+14 7.0219536080089628e-01 -1.6844749006067647e+00
2.3275662270655813e+14 7.0211451804665126e-01 -1.6802566301345041e+00
2.3301952551835016e+14 7.0205368310105654e-01 -1.6757052464499163e+00
2.3328242833014222e+14 7.0201903706563795e-01 -1.6708150860413140e+00
2.3354533114193425e+14 7.0200533211577409e-01 -1.6655789045567821e+00
2.3380823395372631e+14 7.0200209784694778e-01 -1.6600053158312602e+00
2.3407113676551834e+14 7.0200629200148268e-01 -1.6541164581042651e+00
2.3433403957731041e+14 7.0202499705063781e-01 -1.6479331479699346e+00
2.3459694238910244e+14 7.0206952411460477e-01 -1.6414663630724025e+00
2.3485984520089450e+14 7.0214910221669080e-01 -1.6347161440884417e+00
2.3512274801268653e+14 7.0226449502027111e-01 -1.6276748685670521e+00
2.3538565082447859e+14 7.0240473437234607e-01 -1.6203392509994559e+00
2.3564855363627063e+14 7.0255532980532098e-01 -1.6127222381764463e+00
2.3591145644806269e+14 7.0271133271299846e-01 -1.6048448629768393e+00
2.3617435925985472e+14 7.0287625078660565e-01 -1.5967148198873853e+00
2.3643726207164675e+14 7.0304788236771121e-01 -1.5883234348881199e+00
2.3670016488343881e+14 7.0321438920938839e-01 -1.5796651737595522e+00
2.3696306769523088e+14 7.0336708364517875e-01 -1.5707469738201281e+00
2.3722597050702291e+14 7.0350841355985083e-01 -1.5615737326345218e+00
2.3748887331881494e+14 7.0364324964834934e-01 -1.5521368884339153e+00
2.3775177613060700e+14 7.0376938243647658e-01 -1.5424246857433710e+00
2.3801467894239903e+14 7.0388085587429072e-01 -1.5324364373859971e+00
2.3827758175419109e+14 7.0397594983956091e-01 -1.5221825416908261e+00
2.3854048456598313e+14 7.0405973232365304e-01 -1.5116761785434338e+00
2.3880338737777519e+14 7.0414230406985689e-01 -1.5009249319579310e+00
2.3906629018956722e+14 7.0423273479857496e-01 -1.4899231566207711e+00
2.3932919300135928e+14 7.0432826922594105e-01 -1.4786549446639661e+00
2.3959209581315131e+14 7.0441183267290730e-01 -1.4671142236380805e+00
2.3985499862494338e+14 7.0446868219751357e-01 -1.4553177035246290e+00
2.4011790143673541e+14 7.0450344691135769e-01 -1.4432842556813659e+00
2.4038080424852747e+14 7.0453062855153248e-01 -1.4310046904346683e+00
2.4064370706031950e+14 7.0455026107051233e-01 -1.4184496193640705e+00
2.4090660987211156e+14 7.0454680141295578e-01 -1.4056087538880544e+00
2.4116951268390359e+14 7.0451535751208372e-01 -1.3925046052257808e+00
2.4143241549569566e+14 7.0447674422554973e-01 -1.3791610243131434e+00
2.4169531830748769e+14 7.0445923582444858e-01 -1.3655736371093614e+00
2.4195822111927975e+14 7.0447228697721131e-01 -1.3517226697076978e+00
2.4222112393107178e+14 7.0450441174762346e-01 -1.3376074041799633e+00
2.4248402674286384e+14 7.0454244475524719e-01 -1.3232581667694363e+00
2.4274692955465588e+14 7.0458657118646939e-01 -1.3087153693515188e+00
("opt2","mode 1",1,"opt1",1,"transmission",4.0283562981675356e-13)
(103, 3)
2.1645664837545125e+14 7.0411437536475086e-01 -1.1926864942577822e+00
2.1671955118724328e+14 7.0422069667522280e-01 -1.2146440004034911e+00
2.1698245399903534e+14 7.0439299943129952e-01 -1.2360496317811887e+00
2.1724535681082738e+14 7.0456481092262524e-01 -1.2568543393887590e+00
2.1750825962261944e+14 7.0467750228602111e-01 -1.2771385956018724e+00
2.1777116243441147e+14 7.0475875080454964e-01 -1.2970174947893007e+00
2.1803406524620353e+14 7.0488827267672438e-01 -1.3165042123281194e+00
2.1829696805799556e+14 7.0509889806997328e-01 -1.3355055242897136e+00
2.1855987086978763e+14 7.0533988979543016e-01 -1.3539450395448929e+00
2.1882277368157966e+14 7.0554135753558378e-01 -1.3718510202750991e+00
2.1908567649337172e+14 7.0568993191827467e-01 -1.3893069672625331e+00
2.1934857930516375e+14 7.0582361953846173e-01 -1.4063456363677056e+00
2.1961148211695581e+14 7.0596754848004106e-01 -1.4229252330802127e+00
2.1987438492874784e+14 7.0610223553053086e-01 -1.4390008814725463e+00
2.2013728774053991e+14 7.0619791907475871e-01 -1.4545820340106443e+00
2.2040019055233194e+14 7.0625686756021488e-01 -1.4697054680715576e+00
2.2066309336412400e+14 7.0630573872546121e-01 -1.4843778823129452e+00
2.2092599617591603e+14 7.0635771462417651e-01 -1.4985729743368303e+00
2.2118889898770809e+14 7.0640218278778899e-01 -1.5122777044095170e+00
2.2145180179950013e+14 7.0643156619131975e-01 -1.5255135074244064e+00
2.2171470461129219e+14 7.0646000830540401e-01 -1.5383041634375625e+00
2.2197760742308422e+14 7.0650578858443447e-01 -1.5506430580055768e+00
2.2224051023487628e+14 7.0656557182595348e-01 -1.5625083638650876e+00
2.2250341304666831e+14 7.0661846031564435e-01 -1.5739005239277497e+00
2.2276631585846038e+14 7.0665188163773296e-01 -1.5848467400761093e+00
2.2302921867025241e+14 7.0667172926672017e-01 -1.5953700060992972e+00
2.2329212148204444e+14 7.0668667567561372e-01 -1.6054700679327369e+00
2.2355502429383650e+14 7.0669443210601257e-01 -1.6151387757811240e+00
2.2381792710562853e+14 7.0668922850153171e-01 -1.6243787314763822e+00
2.2408082991742059e+14 7.0667368366626460e-01 -1.6331955213485252e+00
2.2434373272921263e+14 7.0665326807915763e-01 -1.6415815829925462e+00
2.2460663554100469e+14 7.0662300642328568e-01 -1.6495238846278844e+00
2.2486953835279672e+14 7.0657079987467897e-01 -1.6570262667722218e+00
2.2513244116458878e+14 7.0649498822941181e-01 -1.6641093966921254e+00
2.2539534397638081e+14 7.0640864841334039e-01 -1.6707844168268573e+00
2.2565824678817288e+14 7.0632166025409127e-01 -1.6770395109058951e+00
2.2592114959996491e+14 7.0622662595789243e-01 -1.6828617390082021e+00
2.2618405241175697e+14 7.0611095376345578e-01 -1.6882624713740169e+00
2.2644695522354900e+14 7.0597827206057073e-01 -1.6932668062385265e+00
2.2670985803534106e+14 7.0584698340631913e-01 -1.6978804199334565e+00
2.2697276084713309e+14 7.0572689085069473e-01 -1.7020822265528033e+00
2.2723566365892516e+14 7.0560742750751138e-01 -1.7058542734071296e+00
2.2749856647071719e+14 7.0547404514971357e-01 -1.7092060461200111e+00
2.2776146928250925e+14 7.0532824028270591e-01 -1.7121596812678972e+00
2.2802437209430128e+14 7.0518282393954024e-01 -1.7147204761447403e+00
2.2828727490609334e+14 7.0504187511674365e-01 -1.7168762801504651e+00
2.2855017771788538e+14 7.0489629514464380e-01 -1.7186231619899279e+00
2.2881308052967744e+14 7.0473980203425868e-01 -1.7199758122090754e+00
2.2907598334146947e+14 7.0457873916774505e-01 -1.7209479432708918e+00
2.2933888615326153e+14 7.0442079666435564e-01 -1.7215358150140538e+00
2.2957882878615706e+14 7.0427646511440123e-01 -1.7217297061191255e+00
2.2960178896505356e+14 7.0426237088891253e-01 -1.7217311799999668e+00
2.2962474914395006e+14 7.0424820634359098e-01 -1.7217297061191421e+00
2.2986469177684563e+14 7.0409591952667794e-01 -1.7215409317828880e+00
2.3012759458863766e+14 7.0392497383322528e-01 -1.7209795895729356e+00
2.3039049740042969e+14 7.0376067509212503e-01 -1.7200465145500634e+00
2.3065340021222175e+14 7.0360395014559085e-01 -1.7187279599628817e+00
2.3091630302401378e+14 7.0344359727310568e-01 -1.7170252422907311e+00
2.3117920583580584e+14 7.0327740432971475e-01 -1.7149638197154640e+00
2.3144210864759788e+14 7.0312417589324205e-01 -1.7125624133572330e+00
2.3170501145938994e+14 7.0300346817872761e-01 -1.7098055380086905e+00
2.3196791427118197e+14 7.0290925755348510e-01 -1.7066653953765643e+00
2.3223081708297403e+14 7.0281820386301197e-01 -1.7031466384804641e+00
2.3249371989476606e+14 7.0272427684494576e-01 -1.6992870731660268e+00
2.3275662270655813e+14 7.0264914945695023e-01 -1.6951079670866869e+00
2.3301952551835016e+14 7.0260985809968235e-01 -1.6905857658314487e+00
2.3328242833014222e+14 7.0258990791133535e-01 -1.6856918122185276e+00
2.3354533114193425e+14 7.0255982335663270e-01 -1.6804462187866946e+00
2.3380823395372631e+14 7.0252172553812742e-01 -1.6749041692233078e+00
2.3407113676551834e+14 7.0251264777727362e-01 -1.6690877176218204e+00
2.3433403957731041e+14 7.0255704788516771e-01 -1.6629602518025810e+00
2.3459694238910244e+14 7.0263411229501349e-01 -1.6564854579330763e+00
2.3485984520089450e+14 7.0270838852494855e-01 -1.6496901803371173e+00
2.3512274801268653e+14 7.0278207774463441e-01 -1.6426391753240832e+00
2.3538565082447859e+14 7.0289308802455919e-01 -1.6353535552673533e+00
2.3564855363627063e+14 7.0305863827725268e-01 -1.6277886012202805e+00
2.3591145644806269e+14 7.0324387735213134e-01 -1.6199051586104387e+00
2.3617435925985472e+14 7.0340219555965666e-01 -1.6117344898291108e+00
2.3643726207164675e+14 7.0353249452188005e-01 -1.6033427566191989e+00
2.3670016488343881e+14 7.0367324619083182e-01 -1.5947430597355252e+00
2.3696306769523088e+14 7.0384214304624915e-01 -1.5858786234535052e+00
2.3722597050702291e+14 7.0400705782905726e-01 -1.5767006643956945e+00
2.3748887331881494e+14 7.0412888629528636e-01 -1.5672313268810583e+00
2.3775177613060700e+14 7.0421473502795850e-01 -1.5575253075846354e+00
2.3801467894239903e+14 7.0430643625631717e-01 -1.5475884121057752e+00
2.3827758175419109e+14 7.0442224972377154e-01 -1.5373698949365822e+00
2.3854048456598313e+14 7.0453449501148202e-01 -1.5268371874976474e+00
2.3880338737777519e+14 7.0461205215381184e-01 -1.5160252630075786e+00
2.3906629018956722e+14 7.0466491534892284e-01 -1.5049926415976274e+00
2.3932919300135928e+14 7.0472883468004388e-01 -1.4937487544221477e+00
2.3959209581315131e+14 7.0481521175740203e-01 -1.4822520237165702e+00
2.3985499862494338e+14 7.0489708692236563e-01 -1.4704728797774749e+00
2.4011790143673541e+14 7.0494595058304910e-01 -1.4584288973224611e+00
2.4038080424852747e+14 7.0496381556955889e-01 -1.4461494459097386e+00
2.4064370706031950e+14 7.0496971248104812e-01 -1.4336299618659651e+00
2.4090660987211156e+14 7.0496878978736410e-01 -1.4208410465884040e+00
2.4116951268390359e+14 7.0495099873598688e-01 -1.4077704480153750e+00
2.4143241549569566e+14 7.0491514499877095e-01 -1.3944337441420627e+00
2.4169531830748769e+14 7.0487741424007311e-01 -1.3808468577297464e+00
2.4195822111927975e+14 7.0485368608712884e-01 -1.3670110669331190e+00
2.4222112393107178e+14 7.0484695543766063e-01 -1.3529314038163209e+00
2.4248402674286384e+14 7.0485752837226412e-01 -1.3386299902251790e+00
2.4274692955465588e+14 7.0489196041584001e-01 -1.3241271563785355e+00
("opt2","mode 1",1,"opt2",1,"transmission",1.6450511172513983e-15)
(103, 3)
2.1645664837545125e+14 2.3410001146064466e-02 1.0012643879135541e+00
2.1671955118724328e+14 2.5039370422536286e-02 1.2909801428661554e+00
2.1698245399903534e+14 2.1973049009719175e-02 1.5763280502695454e+00
2.1724535681082738e+14 1.5884452214961573e-02 1.7129505519314827e+00
2.1750825962261944e+14 1.1873748014612225e-02 1.4559438288974194e+00
2.1777116243441147e+14 1.4848799464573889e-02 1.1947506292747561e+00
2.1803406524620353e+14 1.9351771867683484e-02 1.3339616850382889e+00
2.1829696805799556e+14 2.0760076654240418e-02 1.6301960130807005e+00
2.1855987086978763e+14 1.8218176528391448e-02 1.9377344506377856e+00
2.1882277368157966e+14 1.3113860191867183e-02 2.1214163612569497e+00
2.1908567649337172e+14 9.2792240740237585e-03 1.9423523536030434e+00
2.1934857930516375e+14 1.0697873268464577e-02 1.6946091778679608e+00
2.1961148211695581e+14 1.3396836460371517e-02 1.8701612295442629e+00
2.1987438492874784e+14 1.3502751180148626e-02 2.2631393421310539e+00
2.2013728774053991e+14 1.0317556214539676e-02 2.7684427270954410e+00
2.2040019055233194e+14 4.8265186665278192e-03 3.4639972668831827e+00
2.2066309336412400e+14 2.5211747460229601e-03 6.0403560445958107e+00
2.2092599617591603e+14 7.3314104517317891e-03 7.0865990565516546e+00
2.2118889898770809e+14 9.9665225838869009e-03 7.7147521635524834e+00
2.2145180179950013e+14 9.4926560274331672e-03 8.3064370409775066e+00
2.2171470461129219e+14 6.2876179866336243e-03 8.9088747959777166e+00
2.2197760742308422e+14 1.6038227316712442e-03 9.6979042795944608e+00
2.2224051023487628e+14 3.1278104771312676e-03 6.7201748154099086e+00
2.2250341304666831e+14 6.1816733169589109e-03 7.3918944913808335e+00
2.2276631585846038e+14 6.8209491989837910e-03 8.0322410411517744e+00
2.2302921867025241e+14 5.0720348010125076e-03 8.7399582837151399e+00
2.2329212148204444e+14 2.1443005294443534e-03 9.9164945703431364e+00
2.2355502429383650e+14 2.9729726928374601e-03 1.2140715743598447e+01
2.2381792710562853e+14 5.3364566844906871e-03 1.3036643397919207e+01
2.2408082991742059e+14 5.7947203021305477e-03 1.3703807791349172e+01
2.2434373272921263e+14 3.9433171138348851e-03 1.4319939022810747e+01
2.2460663554100469e+14 3.2796389034423352e-04 1.4895540415885193e+01
2.2486953835279672e+14 3.8768161904288983e-03 1.2364498669464817e+01
2.2513244116458878e+14 7.2785471708376424e-03 1.2939544661978164e+01
2.2539534397638081e+14 8.7234387947726904e-03 1.3504411977686347e+01
2.2565824678817288e+14 7.6559352768266536e-03 1.4051134192373699e+01
2.2592114959996491e+14 4.2838492715862701e-03 1.4539640101627388e+01
2.2618405241175697e+14 8.7190248767843521e-04 1.2891842488836659e+01
2.2644695522354900e+14 5.6669938909375177e-03 1.2731247085170699e+01
2.2670985803534106e+14 9.5722077286705173e-03 1.3193581032817590e+01
2.2697276084713309e+14 1.1454556266057131e-02 1.3650024311573718e+01
2.2723566365892516e+14 1.1060383635682592e-02 1.4040210204712878e+01
2.2749856647071719e+14 9.1272547323597557e-03 1.4271808550608078e+01
2.2776146928250925e+14 7.7864923830399712e-03 1.4225782034777223e+01
2.2802437209430128e+14 9.1024513880941463e-03 1.4143269901474962e+01
2.2828727490609334e+14 1.1472395364318797e-02 1.4315809837718671e+01
2.2855017771788538e+14 1.2593977343136855e-02 1.4627860424889827e+01
2.2881308052967744e+14 1.1567173668871132e-02 1.4948360604494496e+01
2.2907598334146947e+14 8.8615911520146112e-03 1.5132376778973699e+01
2.2933888615326153e+14 6.9551653465161978e-03 1.4947874267579365e+01
2.2957882878615706e+14 8.5704451782614485e-03 1.4732763414736260e+01
2.2960178896505356e+14 8.8454304389602879e-03 1.4731120391092535e+01
2.2962474914395006e+14 9.1283537561330629e-03 1.4732763414736260e+01
2.2986469177684563e+14 1.1961008735647354e-02 1.4891388618355393e+01
2.3012759458863766e+14 1.3365266525987955e-02 1.5199888681056651e+01
2.3039049740042969e+14 1.2186617391105884e-02 1.5488876660956311e+01
2.3065340021222175e+14 9.4673696621454598e-03 1.5573247242051869e+01
2.3091630302401378e+14 9.0081339781097249e-03 1.5318538535719370e+01
2.3117920583580584e+14 1.2624315508114738e-02 1.5267032597232038e+01
2.3144210864759788e+14 1.6362416933986500e-02 1.5519529738825826e+01
2.3170501145938994e+14 1.7474381191621122e-02 1.5867341954173574e+01
2.3196791427118197e+14 1.5279576594724335e-02 1.6183264325089237e+01
2.3223081708297403e+14 1.1192010303635329e-02 1.6294545090679385e+01
2.3249371989476606e+14 9.7719980785509631e-03 1.6017610185110904e+01
2.3275662270655813e+14 1.3312697087156130e-02 1.5924381754369515e+01
2.3301952551835016e+14 1.6754523172495029e-02 1.6168311584446887e+01
2.3328242833014222e+14 1.6932306888769476e-02 1.6516354814907078e+01
2.3354533114193425e+14 1.3320000632787635e-02 1.6826825727247652e+01
2.3380823395372631e+14 7.8069704781165618e-03 1.6815444221021252e+01
2.3407113676551834e+14 7.6806754760997860e-03 1.6103711562851913e+01
2.3433403957731041e+14 1.3395440023478759e-02 1.6052100916790771e+01
2.3459694238910244e+14 1.7667326487888969e-02 1.6325083326401586e+01
2.3485984520089450e+14 1.8673547105029904e-02 1.6624823900200951e+01
2.3512274801268653e+14 1.7061726469977851e-02 1.6838534624160790e+01
2.3538565082447859e+14 1.5261963856095240e-02 1.6896411484409157e+01
2.3564855363627063e+14 1.5638914460536731e-02 1.6892203339929843e+01
2.3591145644806269e+14 1.7233289160353906e-02 1.7006495492283388e+01
2.3617435925985472e+14 1.7461619670741852e-02 1.7226944655827751e+01
2.3643726207164675e+14 1.5219602522148682e-02 1.7446282691493167e+01
2.3670016488343881e+14 1.1582339611771804e-02 1.7507228785491360e+01
2.3696306769523088e+14 1.0092494332078808e-02 1.7275574898683274e+01
2.3722597050702291e+14 1.2637707984061710e-02 1.7158582710699026e+01
2.3748887331881494e+14 1.5495786627698814e-02 1.7340918018321755e+01
2.3775177613060700e+14 1.5875452233499350e-02 1.7644972587930138e+01
2.3801467894239903e+14 1.3217248165727582e-02 1.7941578764500431e+01
2.3827758175419109e+14 8.8500518871331632e-03 1.8045333192087249e+01
2.3854048456598313e+14 6.9855935287822064e-03 1.7664032177278191e+01
2.3880338737777519e+14 9.8111611870402102e-03 1.7520558411504549e+01
2.3906629018956722e+14 1.2174017119125408e-02 1.7801603456359420e+01
2.3932919300135928e+14 1.1605137713846485e-02 1.8216620038027166e+01
2.3959209581315131e+14 8.1054442794394489e-03 1.8636704904705699e+01
2.3985499862494338e+14 3.2837859399713703e-03 1.8741950644509011e+01
2.4011790143673541e+14 3.3839996831681899e-03 1.7550761609375460e+01
2.4038080424852747e+14 6.2206741610150535e-03 1.7819189718126214e+01
2.4064370706031950e+14 6.5469879996494177e-03 1.8439363944307882e+01
2.4090660987211156e+14 4.5962298018679048e-03 1.9350931320439013e+01
2.4116951268390359e+14 3.5410039723863919e-03 2.1006787119293669e+01
2.4143241549569566e+14 6.0041178382408298e-03 2.2332299204718684e+01
2.4169531830748769e+14 7.8960785728332816e-03 2.3171382061598685e+01
2.4195822111927975e+14 7.4812953731628858e-03 2.3927896200074585e+01
2.4222112393107178e+14 4.9642623726908848e-03 2.4796214893196563e+01
2.4248402674286384e+14 2.7437316631925006e-03 2.6390489197352004e+01
2.4274692955465588e+14 4.6613075880656005e-03 2.7945964258593033e+01
("opt2","mode 1",1,"opt3",1,"transmission",6.6231711091581877e-13)
(103, 3)
2.1645664837545125e+14 5.8578949033897005e-03 1.2531505251127473e+00
2.1671955118724328e+14 6.5948616409915945e-03 1.1784011854217882e+00
2.1698245399903534e+14 7.1298573456699934e-03 1.0634834525659242e+00
2.1724535681082738e+14 7.3824294604674179e-03 9.2921182451785367e-01
2.1750825962261944e+14 7.3538721276943464e-03 7.8391658073102544e-01
2.1777116243441147e+14 7.0493016582114983e-03 6.2328692135648278e-01
2.1803406524620353e+14 6.4136627941708650e-03 4.3541774534093669e-01
2.1829696805799556e+14 5.3463310179384044e-03 2.0630191162424272e-01
2.1855987086978763e+14 3.7893383306751198e-03 -8.7319457517459204e-02
2.1882277368157966e+14 1.8475044302870671e-03 -5.7022390896228570e-01
2.1908567649337172e+14 9.7976809432643230e-04 -2.6493942053414639e+00
2.1934857930516375e+14 2.9399381874485797e-03 -3.5721613300334081e+00
2.1961148211695581e+14 4.7571053324393514e-03 -3.9566743030718974e+00
2.1987438492874784e+14 5.9742370355424599e-03 -4.2618829799677513e+00
2.2013728774053991e+14 6.4661269578782229e-03 -4.5218183301387729e+00
2.2040019055233194e+14 6.2957605041331390e-03 -4.7322370635816595e+00
2.2066309336412400e+14 5.6803161982538746e-03 -4.8787267988262961e+00
2.2092599617591603e+14 4.9110795536711970e-03 -4.9473849555020575e+00
2.2118889898770809e+14 4.2306911341397826e-03 -4.9389531696227618e+00
2.2145180179950013e+14 3.7318130699877565e-03 -4.8730045774950854e+00
2.2171470461129219e+14 3.3995205012969207e-03 -4.7647956843996715e+00
2.2197760742308422e+14 3.2631390778391500e-03 -4.6196980541454531e+00
2.2224051023487628e+14 3.4023583547521880e-03 -4.4774093802735235e+00
2.2250341304666831e+14 3.7637901717628014e-03 -4.4029623176581243e+00
2.2276631585846038e+14 4.1307322939956540e-03 -4.4114401497887510e+00
2.2302921867025241e+14 4.2931027982810116e-03 -4.4687534050704709e+00
2.2329212148204444e+14 4.1681399714670235e-03 -4.5276366014209346e+00
2.2355502429383650e+14 3.8337012329706828e-03 -4.5406591570529997e+00
2.2381792710562853e+14 3.5044965026864204e-03 -4.4739054991672997e+00
2.2408082991742059e+14 3.4100552655556156e-03 -4.3467533168259109e+00
2.2434373272921263e+14 3.5878510848792954e-03 -4.2326372910864007e+00
2.2460663554100469e+14 3.8788735061818739e-03 -4.1686352992881144e+00
2.2486953835279672e+14 4.1513649339687706e-03 -4.1346502627009221e+00
2.2513244116458878e+14 4.4122358187518472e-03 -4.1065393248484927e+00
2.2539534397638081e+14 4.7385346462109961e-03 -4.0877009163278526e+00
2.2565824678817288e+14 5.1355878755475325e-03 -4.1023032952448304e+00
2.2592114959996491e+14 5.4729355601815938e-03 -4.1665916469084863e+00
2.2618405241175697e+14 5.5550372419478598e-03 -4.2763698421299772e+00
2.2644695522354900e+14 5.2296380185924236e-03 -4.4144955982838523e+00
2.2670985803534106e+14 4.4553780567671971e-03 -4.5565307045079688e+00
2.2697276084713309e+14 3.3241835164257143e-03 -4.6625634900843718e+00
2.2723566365892516e+14 2.0697941931665104e-03 -4.6306285649311620e+00
2.2749856647071719e+14 1.1927955002800814e-03 -4.1356380524185576e+00
2.2776146928250925e+14 1.3784332190938070e-03 -3.4030770605311136e+00
2.2802437209430128e+14 1.8857311500212850e-03 -3.1957532556157271e+00
2.2828727490609334e+14 2.1171007715759991e-03 -3.1435958037942324e+00
2.2855017771788538e+14 2.0831878230745133e-03 -3.0443358633645143e+00
2.2881308052967744e+14 2.0572602028375861e-03 -2.8196222164684905e+00
2.2907598334146947e+14 2.3475008366853488e-03 -2.5586805278438161e+00
2.2933888615326153e+14 2.9462827723029574e-03 -2.4105247067031343e+00
2.2957882878615706e+14 3.5810784470989964e-03 -2.3740298720322248e+00
2.2960178896505356e+14 3.6411795316367000e-03 -2.3738153523846082e+00
2.2962474914395006e+14 3.7008715684643963e-03 -2.3740298720322350e+00
2.2986469177684563e+14 4.2913736519362830e-03 -2.3959154327750061e+00
2.3012759458863766e+14 4.8558692293759467e-03 -2.4470540294606584e+00
2.3039049740042969e+14 5.3266914186748809e-03 -2.5196867569021397e+00
2.3065340021222175e+14 5.6669998800331321e-03 -2.6155228181118511e+00
2.3091630302401378e+14 5.7945590585334059e-03 -2.7346145720368806e+00
2.3117920583580584e+14 5.6127920983579859e-03 -2.8700735484362156e+00
2.3144210864759788e+14 5.0597180211391429e-03 -3.0060367872613187e+00
2.3170501145938994e+14 4.1498750308099006e-03 -3.1114836713117415e+00
2.3196791427118197e+14 3.0175487817152807e-03 -3.1137588553548068e+00
2.3223081708297403e+14 2.0550797732706277e-03 -2.8229853508877625e+00
2.3249371989476606e+14 2.0978938247387686e-03 -2.2222676094839016e+00
2.3275662270655813e+14 3.0880512147842525e-03 -1.9524098450715275e+00
2.3301952551835016e+14 4.2158600796335603e-03 -1.9507605212585533e+00
2.3328242833014222e+14 5.1373431576032611e-03 -2.0433542945936685e+00
2.3354533114193425e+14 5.7262617665169383e-03 -2.1703744515593324e+00
2.3380823395372631e+14 5.9271513017480747e-03 -2.3115060623354338e+00
2.3407113676551834e+14 5.7152554211725671e-03 -2.4590547664278466e+00
2.3433403957731041e+14 5.0916287797043271e-03 -2.6081390609640338e+00
2.3459694238910244e+14 4.0976207902976474e-03 -2.7507273242237553e+00
2.3485984520089450e+14 2.8336093235265614e-03 -2.8660639171302553e+00
2.3512274801268653e+14 1.4714141452651182e-03 -2.8722313293535966e+00
2.3538565082447859e+14 4.5781153140677641e-04 -1.9030976213148236e+00
2.3564855363627063e+14 1.1281772205503752e-03 -7.0457470072650930e-01
2.3591145644806269e+14 1.8755008192106232e-03 -5.9039441618829791e-01
2.3617435925985472e+14 2.3882628739807805e-03 -5.2664766021251097e-01
2.3643726207164675e+14 2.8165283173540541e-03 -4.3570651791943676e-01
2.3670016488343881e+14 3.3125387178382939e-03 -3.4729235421346250e-01
2.3696306769523088e+14 3.8735208917094208e-03 -2.9877100863907385e-01
2.3722597050702291e+14 4.3801409951825625e-03 -2.8881972128804878e-01
2.3748887331881494e+14 4.7411435830074537e-03 -2.9266355767197233e-01
2.3775177613060700e+14 4.9716606620735558e-03 -2.8878553866273277e-01
2.3801467894239903e+14 5.1609915715191490e-03 -2.7447731328391267e-01
2.3827758175419109e+14 5.3622502054866752e-03 -2.6640362058132799e-01
2.3854048456598313e+14 5.5128287337886019e-03 -2.8215583319895565e-01
2.3880338737777519e+14 5.4784894843493805e-03 -3.2233838624181554e-01
2.3906629018956722e+14 5.1632674069938180e-03 -3.7046602453162047e-01
2.3932919300135928e+14 4.5794936536884042e-03 -4.0063497986407232e-01
2.3959209581315131e+14 3.8445596243543490e-03 -3.8314485676220700e-01
2.3985499862494338e+14 3.1219195280422236e-03 -2.8974465270556493e-01
2.4011790143673541e+14 2.5497373335656086e-03 -1.0080683419211237e-01
2.4038080424852747e+14 2.2241286242408514e-03 1.8408277992151206e-01
2.4064370706031950e+14 2.2272351744940340e-03 5.0783248989946017e-01
2.4090660987211156e+14 2.5429978614346445e-03 7.5007031260345469e-01
2.4116951268390359e+14 2.9834985934235119e-03 8.5813171156968182e-01
2.4143241549569566e+14 3.3219709241121935e-03 8.7094917331413069e-01
2.4169531830748769e+14 3.4206437397229479e-03 8.4709538407079765e-01
2.4195822111927975e+14 3.2793706258958939e-03 8.3979756288790852e-01
2.4222112393107178e+14 3.0334452669427852e-03 8.9021940988911141e-01
2.4248402674286384e+14 2.8733325097625773e-03 1.0008550564232634e+00
2.4274692955465588e+14 2.8735078525262345e-03 1.1190984069699712e+00
("opt3","mode 1",1,"opt1",1,"transmission",4.0283248171199454e-13)
(103, 3)
2.1645664837545125e+14 7.0401449345013223e-01 -1.1890235011779942e+00
2.1671955118724328e+14 7.0411732269147542e-01 -1.2109697826007184e+00
2.1698245399903534e+14 7.0428623530182155e-01 -1.2323635114004208e+00
2.1724535681082738e+14 7.0445478222944868e-01 -1.2531558228682564e+00
2.1750825962261944e+14 7.0456440018889177e-01 -1.2734273405280008e+00
2.1777116243441147e+14 7.0464282580080551e-01 -1.2932932469125060e+00
2.1803406524620353e+14 7.0476979588588451e-01 -1.3127667496824398e+00
2.1829696805799556e+14 7.0497811866442917e-01 -1.3317546388959005e+00
2.1855987086978763e+14 7.0521700678030763e-01 -1.3501805662575637e+00
2.1882277368157966e+14 7.0541651378055859e-01 -1.3680728962940500e+00
2.1908567649337172e+14 7.0556323901501428e-01 -1.3855152865967360e+00
2.1934857930516375e+14 7.0569521868765139e-01 -1.4025406604481971e+00
2.1961148211695581e+14 7.0583769197463686e-01 -1.4191073342663152e+00
2.1987438492874784e+14 7.0597134937537309e-01 -1.4351704247258519e+00
2.2013728774053991e+14 7.0606660679929023e-01 -1.4507392318486509e+00
2.2040019055233194e+14 7.0612584457833372e-01 -1.4658502620897744e+00
2.2066309336412400e+14 7.0617572234136650e-01 -1.4805099022664796e+00
2.2092599617591603e+14 7.0622931120447330e-01 -1.4946916022282348e+00
2.2118889898770809e+14 7.0627580931547440e-01 -1.5083822342223490e+00
2.2145180179950013e+14 7.0630743221350079e-01 -1.5216033549498607e+00
2.2171470461129219e+14 7.0633817000316734e-01 -1.5343790593630779e+00
2.2197760742308422e+14 7.0638626349877809e-01 -1.5467031599984866e+00
2.2224051023487628e+14 7.0644847526084398e-01 -1.5585542495791322e+00
2.2250341304666831e+14 7.0650411060686025e-01 -1.5699330672893130e+00
2.2276631585846038e+14 7.0654083346679730e-01 -1.5808669129218753e+00
2.2302921867025241e+14 7.0656472453325181e-01 -1.5913786715607636e+00
2.2329212148204444e+14 7.0658453142099398e-01 -1.6014678321750448e+00
2.2355502429383650e+14 7.0659790286355806e-01 -1.6111259412846317e+00
2.2381792710562853e+14 7.0659888619684230e-01 -1.6203553573762224e+00
2.2408082991742059e+14 7.0658985268714769e-01 -1.6291615589082404e+00
2.2434373272921263e+14 7.0657603397748059e-01 -1.6375370310176240e+00
2.2460663554100469e+14 7.0655228815881310e-01 -1.6454689084819158e+00
2.2486953835279672e+14 7.0650645203385054e-01 -1.6529612446962769e+00
2.2513244116458878e+14 7.0643689350041328e-01 -1.6600348891605134e+00
2.2539534397638081e+14 7.0635677133356956e-01 -1.6667010852357071e+00
2.2565824678817288e+14 7.0627605202965849e-01 -1.6729480288608982e+00
2.2592114959996491e+14 7.0618738920433766e-01 -1.6787627368538394e+00
2.2618405241175697e+14 7.0607819077231493e-01 -1.6841565347361329e+00
2.2644695522354900e+14 7.0595204575607196e-01 -1.6891545216292574e+00
2.2670985803534106e+14 7.0582731201250148e-01 -1.6937624372150619e+00
2.2697276084713309e+14 7.0571377791749024e-01 -1.6979592993844366e+00
2.2723566365892516e+14 7.0560090926680830e-01 -1.7017272483646066e+00
2.2749856647071719e+14 7.0547422794163173e-01 -1.7050757947418160e+00
2.2776146928250925e+14 7.0533530480508499e-01 -1.7080269965636425e+00
2.2802437209430128e+14 7.0519698669863606e-01 -1.7105859741168035e+00
2.2828727490609334e+14 7.0506331555822788e-01 -1.7127403490506903e+00
2.2855017771788538e+14 7.0492507369917190e-01 -1.7144859858001860e+00
2.2881308052967744e+14 7.0477580213616098e-01 -1.7158374663486198e+00
2.2907598334146947e+14 7.0462165930057208e-01 -1.7168085312041077e+00
2.2933888615326153e+14 7.0447019894131058e-01 -1.7173955963121281e+00
2.2957882878615706e+14 7.0433135968967819e-01 -1.7175891700821431e+00
2.2960178896505356e+14 7.0431777063749212e-01 -1.7175906412654440e+00
2.2962474914395006e+14 7.0430410792249498e-01 -1.7175891700821768e+00
2.2986469177684563e+14 7.0415688483918248e-01 -1.7174007719740694e+00
2.3012759458863766e+14 7.0399119861457216e-01 -1.7168406231876190e+00
2.3039049740042969e+14 7.0383199587231127e-01 -1.7159095275007075e+00
2.3065340021222175e+14 7.0368029692150080e-01 -1.7145935714939549e+00
2.3091630302401378e+14 7.0352489571543242e-01 -1.7128938245362504e+00
2.3117920583580584e+14 7.0336346703432440e-01 -1.7108355049330319e+00
2.3144210864759788e+14 7.0321462317238626e-01 -1.7084371856534168e+00
2.3170501145938994e+14 7.0309770587032805e-01 -1.7056833741663868e+00
2.3196791427118197e+14 7.0300652049349566e-01 -1.7025464005423361e+00
2.3223081708297403e+14 7.0291765468430900e-01 -1.6990311241831118e+00
2.3249371989476606e+14 7.0282513026904003e-01 -1.6951755467250607e+00
2.3275662270655813e+14 7.0275077807747544e-01 -1.6910010346179163e+00
2.3301952551835016e+14 7.0271184047804869e-01 -1.6864839830756315e+00
2.3328242833014222e+14 7.0269200646037544e-01 -1.6815955362469790e+00
2.3354533114193425e+14 7.0266191036355596e-01 -1.6763555124456868e+00
2.3380823395372631e+14 7.0262369078210396e-01 -1.6708187898999622e+00
2.3407113676551834e+14 7.0261431863046298e-01 -1.6650071906498616e+00
2.3433403957731041e+14 7.0265814444822183e-01 -1.6588839985859354e+00
2.3459694238910244e+14 7.0273425200481943e-01 -1.6524129309335833e+00
2.3485984520089450e+14 7.0280714039425196e-01 -1.6456209577323997e+00
2.3512274801268653e+14 7.0287904325669170e-01 -1.6385729864328289e+00
2.3538565082447859e+14 7.0298796872670677e-01 -1.6312902360483106e+00
2.3564855363627063e+14 7.0315125769664710e-01 -1.6237280060019497e+00
2.3591145644806269e+14 7.0333415283306366e-01 -1.6158470693367644e+00
2.3617435925985472e+14 7.0349007999154467e-01 -1.6076785621037200e+00
2.3643726207164675e+14 7.0361791355376935e-01 -1.5992885242106507e+00
2.3670016488343881e+14 7.0375605041644218e-01 -1.5906899935537520e+00
2.3696306769523088e+14 7.0392208949299973e-01 -1.5818262178607190e+00
2.3722597050702291e+14 7.0408383030734378e-01 -1.5726485122957796e+00
2.3748887331881494e+14 7.0420215060252400e-01 -1.5631791497283956e+00
2.3775177613060700e+14 7.0428420479525644e-01 -1.5534729251124220e+00
2.3801467894239903e+14 7.0437191585479320e-01 -1.5435356615128493e+00
2.3827758175419109e+14 7.0448363372819378e-01 -1.5333165303895278e+00
2.3854048456598313e+14 7.0459172858198538e-01 -1.5227827996325134e+00
2.3880338737777519e+14 7.0466507381298704e-01 -1.5119692511614917e+00
2.3906629018956722e+14 7.0471360659308724e-01 -1.5009342515467230e+00
2.3932919300135928e+14 7.0477299650111092e-01 -1.4896871692937885e+00
2.3959209581315131e+14 7.0485458143386781e-01 -1.4781864753110308e+00
2.3985499862494338e+14 7.0493139676773520e-01 -1.4664027396957076e+00
2.4011790143673541e+14 7.0497501290344489e-01 -1.4543537150109518e+00
2.4038080424852747e+14 7.0498760372273728e-01 -1.4420689208984450e+00
2.4064370706031950e+14 7.0498840769589477e-01 -1.4295438621732568e+00
2.4090660987211156e+14 7.0498277744619919e-01 -1.4167491049548122e+00
2.4116951268390359e+14 7.0496081631292828e-01 -1.4036722749276054e+00
2.4143241549569566e+14 7.0492139884737526e-01 -1.3903287890796541e+00
2.4169531830748769e+14 7.0488069135569187e-01 -1.3767344310575125e+00
2.4195822111927975e+14 7.0485448762036007e-01 -1.3628904120315826e+00
2.4222112393107178e+14 7.0484566951935024e-01 -1.3488017912723256e+00
2.4248402674286384e+14 7.0485444406555020e-01 -1.3344907998883631e+00
2.4274692955465588e+14 7.0488730954435042e-01 -1.3199779207133866e+00
("opt3","mode 1",1,"opt2",1,"transmission",6.6230573964313772e-13)
(103, 3)
2.1645664837545125e+14 5.8579109040268395e-03 1.2676313210762737e+00
2.1671955118724328e+14 6.5945889463329384e-03 1.1928956448180861e+00
2.1698245399903534e+14 7.1293304946235796e-03 1.0780344224338418e+00
2.1724535681082738e+14 7.3819024572183544e-03 9.4383748728976447e-01
2.1750825962261944e+14 7.3536284937913213e-03 7.9860287495191085e-01
2.1777116243441147e+14 7.0494549696029684e-03 6.3799724684187098e-01
2.1803406524620353e+14 6.4140945530693381e-03 4.5011567554008475e-01
2.1829696805799556e+14 5.3468092181312762e-03 2.2096862981366022e-01
2.1855987086978763e+14 3.7896891711793204e-03 -7.2685981673966532e-02
2.1882277368157966e+14 1.8477109418416108e-03 -5.5562431416244518e-01
2.1908567649337172e+14 9.7986769229775551e-04 -2.6345815395482775e+00
2.1934857930516375e+14 2.9398953773219741e-03 -3.5574143581200941e+00
2.1961148211695581e+14 4.7569373757518647e-03 -3.9419122784128735e+00
2.1987438492874784e+14 5.9739881549754096e-03 -4.2470825726380337e+00
2.2013728774053991e+14 6.4659326105217102e-03 -4.5069728642920133e+00
2.2040019055233194e+14 6.2957838108722618e-03 -4.7173550729208742e+00
2.2066309336412400e+14 5.6806273639529005e-03 -4.8638382414464063e+00
2.2092599617591603e+14 4.9115327591140847e-03 -4.9325383217412853e+00
2.2118889898770809e+14 4.2309507377185562e-03 -4.9241729037903905e+00
2.2145180179950013e+14 3.7316521636578362e-03 -4.8582284881547118e+00
2.2171470461129219e+14 3.3991142373266722e-03 -4.7499110437704308e+00
2.2197760742308422e+14 3.2629308420026462e-03 -4.6046818119245021e+00
2.2224051023487628e+14 3.4025656726011442e-03 -4.4623809595474082e+00
2.2250341304666831e+14 3.7641872167874270e-03 -4.3880082710192418e+00
2.2276631585846038e+14 4.1310106437972734e-03 -4.3965303382698879e+00
2.2302921867025241e+14 4.2931579143287261e-03 -4.4538278250670746e+00
2.2329212148204444e+14 4.1680702383042082e-03 -4.5126568843860175e+00
2.2355502429383650e+14 3.8336830059745855e-03 -4.5256234398309374e+00
2.2381792710562853e+14 3.5046043404786931e-03 -4.4588556035564348e+00
2.2408082991742059e+14 3.4101415837797982e-03 -4.3317305199265368e+00
2.2434373272921263e+14 3.5877274077289194e-03 -4.2176063019115837e+00
2.2460663554100469e+14 3.8785759452973278e-03 -4.1535367318404735e+00
2.2486953835279672e+14 4.1511102924126266e-03 -4.1194743568961183e+00
2.2513244116458878e+14 4.4122055444811119e-03 -4.0913273142452722e+00
2.2539534397638081e+14 4.7386994498761041e-03 -4.0725052744696768e+00
2.2565824678817288e+14 5.1357447527704842e-03 -4.0871381213081897e+00
2.2592114959996491e+14 5.4729157184454837e-03 -4.1514313931057547e+00
2.2618405241175697e+14 5.5548303488431681e-03 -4.2611825792888567e+00
2.2644695522354900e+14 5.2293587631760527e-03 -4.3992615769194030e+00
2.2670985803534106e+14 4.4551695964474367e-03 -4.5412437679081794e+00
2.2697276084713309e+14 3.3241323917249481e-03 -4.6472295338779386e+00
2.2723566365892516e+14 2.0698843483137686e-03 -4.6152755659150007e+00
2.2749856647071719e+14 1.1928774010519518e-03 -4.1203543441903854e+00
2.2776146928250925e+14 1.3784205550790684e-03 -3.3877474886665331e+00
2.2802437209430128e+14 1.8858023780211966e-03 -3.1803716888948479e+00
2.2828727490609334e+14 2.1172784214059282e-03 -3.1282313886536239e+00
2.2855017771788538e+14 2.0833425680944597e-03 -3.0290276952704795e+00
2.2881308052967744e+14 2.0572119186054740e-03 -2.8043261782181625e+00
2.2907598334146947e+14 2.3472896224953316e-03 -2.5432758007104312e+00
2.2933888615326153e+14 2.9461475133929793e-03 -2.3950217924654638e+00
2.2957882878615706e+14 3.5811245505290926e-03 -2.3585011727206808e+00
2.2960178896505356e+14 3.6412431798430143e-03 -2.3582865092816103e+00
2.2962474914395006e+14 3.7009523529823144e-03 -2.3585011727205929e+00
2.2986469177684563e+14 4.2915901418381641e-03 -2.3803991390597798e+00
2.3012759458863766e+14 4.8561061822716802e-03 -2.4315541513886312e+00
2.3039049740042969e+14 5.3268345673048055e-03 -2.5041868909353919e+00
2.3065340021222175e+14 5.6670218562506341e-03 -2.6000037716133590e+00
2.3091630302401378e+14 5.7945127305465425e-03 -2.7190668681850583e+00
2.3117920583580584e+14 5.6127510215183288e-03 -2.8544993277128135e+00
2.3144210864759788e+14 5.0597192021941866e-03 -2.9904458997723831e+00
2.3170501145938994e+14 4.1498976884848096e-03 -3.0958897673738899e+00
2.3196791427118197e+14 3.0175265664742611e-03 -3.0981743785527884e+00
2.3223081708297403e+14 2.0549462315655222e-03 -2.8073857434187675e+00
2.3249371989476606e+14 2.0977618741028358e-03 -2.2065694843289823e+00
2.3275662270655813e+14 3.0880283614176116e-03 -1.9366958777826382e+00
2.3301952551835016e+14 4.2158788543663487e-03 -1.9350521355186336e+00
2.3328242833014222e+14 5.1373311413048543e-03 -2.0276389502309256e+00
2.3354533114193425e+14 5.7261919929693997e-03 -2.1546386087334017e+00
2.3380823395372631e+14 5.9270562196129355e-03 -2.2957411060650190e+00
2.3407113676551834e+14 5.7152025803182301e-03 -2.4432596841940586e+00
2.3433403957731041e+14 5.0916675328064580e-03 -2.5923214335516773e+00
2.3459694238910244e+14 4.0977388438851849e-03 -2.7349037761971853e+00
2.3485984520089450e+14 2.8337302355472042e-03 -2.8502630838023886e+00
2.3512274801268653e+14 1.4714246906832710e-03 -2.8565114705360450e+00
2.3538565082447859e+14 4.5759738009974369e-04 -1.8871899463758899e+00
2.3564855363627063e+14 1.1282607973372751e-03 -6.8853115206715088e-01
2.3591145644806269e+14 1.8756450632052119e-03 -5.7447990518812708e-01
2.3617435925985472e+14 2.3883013646505305e-03 -5.1077006633171418e-01
2.3643726207164675e+14 2.8164035108987550e-03 -4.1979381347008993e-01
2.3670016488343881e+14 3.3123614775234615e-03 -3.3130943823970227e-01
2.3696306769523088e+14 3.8734515519370794e-03 -2.8274071304063414e-01
2.3722597050702291e+14 4.3802361548284227e-03 -2.7278037514334152e-01
2.3748887331881494e+14 4.7413328249716145e-03 -2.7663737936001209e-01
2.3775177613060700e+14 4.9718139233708792e-03 -2.7277274797480472e-01
2.3801467894239903e+14 5.1610149390469108e-03 -2.5845993140039375e-01
2.3827758175419109e+14 5.3621426386900204e-03 -2.5035999986868751e-01
2.3854048456598313e+14 5.5126485905399375e-03 -2.6607604716991928e-01
2.3880338737777519e+14 5.4782882160137178e-03 -3.0622367549822560e-01
2.3906629018956722e+14 5.1630736698459944e-03 -3.5431888237405490e-01
2.3932919300135928e+14 4.5793399632966074e-03 -3.8445255313051724e-01
2.3959209581315131e+14 3.8445033380207069e-03 -3.6692190550779780e-01
2.3985499862494338e+14 3.1220205349529392e-03 -2.7349245533009331e-01
2.4011790143673541e+14 2.5499723081040164e-03 -8.4578279893905303e-02
2.4038080424852747e+14 2.2243213319562802e-03 2.0023065631850312e-01
2.4064370706031950e+14 2.2272037431922413e-03 5.2395962395226758e-01
2.4090660987211156e+14 2.5428024507193293e-03 7.6628129120785116e-01
2.4116951268390359e+14 2.9833201175013800e-03 8.7442445300602734e-01
2.4143241549569566e+14 3.3219043486371427e-03 8.8728209474085562e-01
2.4169531830748769e+14 3.4206749274409715e-03 8.6343973253636297e-01
2.4195822111927975e+14 3.2794217411668825e-03 8.5614050248078366e-01
2.4222112393107178e+14 3.0334289125300601e-03 9.0656563776064836e-01
2.4248402674286384e+14 2.8732096395284114e-03 1.0172311291618545e+00
2.4274692955465588e+14 2.8733176298627564e-03 1.1355324041824297e+00
("opt3","mode 1",1,"opt3",1,"transmission",-1.2054544191454002e-14)
(103, 3)
2.1645664837545125e+14 2.2910381704551838e-02 -3.4753763748019884e-01
2.1671955118724328e+14 2.4653355187783183e-02 -4.0561041174362086e-02
2.1698245399903534e+14 2.1803677077509867e-02 2.6417174751597311e-01
2.1724535681082738e+14 1.5969779594186433e-02 4.2481432754984261e-01
2.1750825962261944e+14 1.2042131292433207e-02 2.1179521150632682e-01
2.1777116243441147e+14 1.4767686668639056e-02 -1.7793022030652004e-02
2.1803406524620353e+14 1.9108670206872087e-02 1.3686739931491834e-01
2.1829696805799556e+14 2.0497659452571149e-02 4.5090679189178223e-01
2.1855987086978763e+14 1.8025111345009871e-02 7.7856552621892072e-01
2.1882277368157966e+14 1.3020780734418277e-02 9.8441100529083936e-01
2.1908567649337172e+14 9.2434483763637939e-03 8.3160310452873276e-01
2.1934857930516375e+14 1.0644389467582480e-02 6.0903792812627300e-01
2.1961148211695581e+14 1.3353534160556483e-02 8.0790767077831971e-01
2.1987438492874784e+14 1.3517986264887464e-02 1.2264494551097556e+00
2.2013728774053991e+14 1.0415567837924576e-02 1.7613300141782833e+00
2.2040019055233194e+14 5.0172052487629923e-03 2.4966689905448889e+00
2.2066309336412400e+14 2.5919462134932529e-03 4.9679244659411790e+00
2.2092599617591603e+14 7.3116518630286387e-03 6.1074274219000433e+00
2.2118889898770809e+14 1.0026669942372833e-02 6.7772052570281884e+00
2.2145180179950013e+14 9.6739488741770987e-03 7.4068638435974359e+00
2.2171470461129219e+14 6.5924947365434920e-03 8.0571954203566580e+00
2.2197760742308422e+14 2.0506540134265150e-03 8.9525305660627161e+00
2.2224051023487628e+14 2.8703085900013249e-03 1.2013736445320788e+01
2.2250341304666831e+14 5.9436145880943482e-03 1.2798843622723435e+01
2.2276631585846038e+14 6.6997992632249056e-03 1.3486929538926480e+01
2.2302921867025241e+14 5.1067009823313643e-03 1.4232304589891017e+01
2.2329212148204444e+14 2.3151620766620152e-03 1.5402968232848526e+01
2.2355502429383650e+14 2.8444764005344310e-03 1.7600388000132728e+01
2.2381792710562853e+14 5.1081087487693131e-03 1.8572597174351539e+01
2.2408082991742059e+14 5.5843755193743464e-03 1.9285817547739015e+01
2.2434373272921263e+14 3.8160424959724692e-03 1.9954800479077633e+01
2.2460663554100469e+14 3.6163069914278668e-04 2.1081792591681744e+01
2.2486953835279672e+14 3.7885176366804409e-03 1.7960025095077125e+01
2.2513244116458878e+14 7.1035663316380421e-03 1.8590461036852368e+01
2.2539534397638081e+14 8.5055852067854026e-03 1.9193126958127852e+01
2.2565824678817288e+14 7.4378137363186568e-03 1.9775935203353292e+01
2.2592114959996491e+14 4.0926894650576947e-03 2.0309098679415257e+01
2.2618405241175697e+14 8.6285138157820402e-04 1.8432390275083627e+01
2.2644695522354900e+14 5.7098997520888461e-03 1.8501806797251469e+01
2.2670985803534106e+14 9.5589975313257868e-03 1.9008224152602896e+01
2.2697276084713309e+14 1.1368348133206778e-02 1.9501285691784744e+01
2.2723566365892516e+14 1.0865267058989797e-02 1.9927032723463686e+01
2.2749856647071719e+14 8.7637660355724557e-03 2.0188050133056905e+01
2.2776146928250925e+14 7.2899824658774646e-03 2.0136184305678405e+01
2.2802437209430128e+14 8.7572034333722702e-03 2.0044577710977350e+01
2.2828727490609334e+14 1.1354700762292056e-02 2.0246626027717355e+01
2.2855017771788538e+14 1.2638759038653660e-02 2.0596204771781263e+01
2.2881308052967744e+14 1.1687550936779197e-02 2.0956506072054545e+01
2.2907598334146947e+14 8.9257890673328996e-03 2.1186432185462714e+01
2.2933888615326153e+14 6.7711052433798982e-03 2.1035844393393219e+01
2.2957882878615706e+14 8.2644000999574224e-03 2.0810025576799916e+01
2.2960178896505356e+14 8.5412718298035917e-03 2.0808237093172504e+01
2.2962474914395006e+14 8.8276408686960087e-03 2.0810025576799916e+01
2.2986469177684563e+14 1.1748261872364277e-02 2.0982007957070266e+01
2.3012759458863766e+14 1.3278781700853550e-02 2.1315329228604998e+01
2.3039049740042969e+14 1.2202308402343567e-02 2.1632591128411892e+01
2.3065340021222175e+14 9.5116259540621237e-03 2.1750011089840978e+01
2.3091630302401378e+14 8.9581848058462171e-03 2.1524722485449601e+01
2.3117920583580584e+14 1.2501277111446342e-02 2.1489006346690644e+01
2.3144210864759788e+14 1.6229454704509653e-02 2.1760955349095120e+01
2.3170501145938994e+14 1.7341790616752541e-02 2.2130239802865532e+01
2.3196791427118197e+14 1.5137386408831794e-02 2.2466541002440298e+01
2.3223081708297403e+14 1.1064517908226322e-02 2.2591188057949665e+01
2.3249371989476606e+14 9.8197722852763070e-03 2.2325263820182307e+01
2.3275662270655813e+14 1.3550616895992934e-02 2.2266432572922913e+01
2.3301952551835016e+14 1.7062902492064710e-02 2.2542068731815174e+01
2.3328242833014222e+14 1.7221724714498073e-02 2.2918885613972861e+01
2.3354533114193425e+14 1.3507303823589740e-02 2.3258913878896394e+01
2.3380823395372631e+14 7.8029708726187119e-03 2.3278627870898291e+01
2.3407113676551834e+14 7.5999233084929115e-03 2.2562198755199145e+01
2.3433403957731041e+14 1.3455213102373558e-02 2.2532195007824427e+01
2.3459694238910244e+14 1.7798587461123741e-02 2.2831708086831110e+01
2.3485984520089450e+14 1.8794627228691060e-02 2.3156397631538887e+01
2.3512274801268653e+14 1.7117342325304270e-02 2.3392483168024224e+01
2.3538565082447859e+14 1.5273872989540156e-02 2.3467923688000198e+01
2.3564855363627063e+14 1.5710255505806504e-02 2.3480406723417609e+01
2.3591145644806269e+14 1.7408613990618743e-02 2.3616343055632456e+01
2.3617435925985472e+14 1.7705400060019420e-02 2.3860317826816846e+01
2.3643726207164675e+14 1.5485995159734155e-02 2.4103271176930573e+01
2.3670016488343881e+14 1.1845509940544804e-02 2.4190337539721824e+01
2.3696306769523088e+14 1.0312161189790552e-02 2.3992011865967466e+01
2.3722597050702291e+14 1.2776069281888295e-02 2.3899304042468390e+01
2.3748887331881494e+14 1.5573261955085472e-02 2.4099021430107413e+01
2.3775177613060700e+14 1.5906625528953708e-02 2.4418775995268906e+01
2.3801467894239903e+14 1.3236437322838147e-02 2.4727351023276739e+01
2.3827758175419109e+14 8.9672802718759152e-03 2.4836243191033788e+01
2.3854048456598313e+14 7.3325789727267787e-03 2.4492195009808437e+01
2.3880338737777519e+14 1.0149063618835307e-02 2.4397896492201365e+01
2.3906629018956722e+14 1.2403049588400036e-02 2.4700989897648835e+01
2.3932919300135928e+14 1.1706209152667933e-02 2.5131858692772294e+01
2.3959209581315131e+14 8.0865898194462660e-03 2.5560046605132325e+01
2.3985499862494338e+14 3.2664472480590269e-03 2.5623996152813401e+01
2.4011790143673541e+14 3.7328987894882674e-03 2.4526863687206781e+01
2.4038080424852747e+14 6.5937133269628094e-03 2.4830565604698990e+01
2.4064370706031950e+14 6.8813692791484370e-03 2.5463628441747382e+01
2.4090660987211156e+14 4.8061724580283722e-03 2.6373605773838811e+01
2.4116951268390359e+14 3.5063541501130042e-03 2.8043530973660886e+01
2.4143241549569566e+14 5.9934021355661045e-03 2.9428739979756731e+01
2.4169531830748769e+14 8.0118397272992657e-03 3.0290213204807657e+01
2.4195822111927975e+14 7.6972924618094558e-03 3.1058586670169763e+01
2.4222112393107178e+14 5.1937368042707099e-03 3.1915869980183167e+01
2.4248402674286384e+14 2.6406605797181944e-03 3.3445351134001051e+01
2.4274692955465588e+14 4.3101866732524370e-03 3.5140435517104031e+01
